image_width: 640
image_height: 480
camera_name: rgb_PS1080_PrimeSense
camera_matrix:
  rows: 3
  cols: 3
  data: [540.6188477715609, 0, 313.5213457400926, 0, 540.2318595679161, 238.5074266345293, 0, 0, 1]
distortion_model: plumb_bob
distortion_coefficients:
  rows: 1
  cols: 5
  data: [0.03845214828193241, -0.09917760172450556, 0.0001934984292617891, 0.0004195541378350795, 0]
rectification_matrix:
  rows: 3
  cols: 3
  data: [1, 0, 0, 0, 1, 0, 0, 0, 1]
projection_matrix:
  rows: 3
  cols: 4
  data: [540.4892578125, 0, 313.1315465883818, 0, 0, 541.14892578125, 238.0714647846471, 0, 0, 0, 1, 0]