image_width: 640
image_height: 480
camera_name: rgb_A00367A19439105A
camera_matrix:
  rows: 3
  cols: 3
  data: [525.6099939651471, 0, 316.8213825547397, 0, 525.4187681463985, 259.0174212548482, 0, 0, 1]
distortion_model: plumb_bob
distortion_coefficients:
  rows: 1
  cols: 5
  data: [0.147370010224499, -0.2621954638574846, 0.007192741667485487, -0.0003863751865958709, 0]
rectification_matrix:
  rows: 3
  cols: 3
  data: [1, 0, 0, 0, 1, 0, 0, 0, 1]
projection_matrix:
  rows: 3
  cols: 4
  data: [535.385009765625, 0, 315.9604943845334, 0, 0, 534.6906127929688, 261.0164096357712, 0, 0, 0, 1, 0]