image_width: 640
image_height: 480
camera_name: rgb_A00367A20620105A
camera_matrix:
  rows: 3
  cols: 3
  data: [528.4971993738445, 0, 308.9781935900232, 0, 529.041413456068, 262.691258916708, 0, 0, 1]
distortion_model: plumb_bob
distortion_coefficients:
  rows: 1
  cols: 5
  data: [0.1754397067925071, -0.3357935334666678, 0.0003670043745314542, 0.005507190012602308, 0]
rectification_matrix:
  rows: 3
  cols: 3
  data: [1, 0, 0, 0, 1, 0, 0, 0, 1]
projection_matrix:
  rows: 3
  cols: 4
  data: [538.4104614257812, 0, 311.212098598382, 0, 0, 541.3585205078125, 262.4568765451586, 0, 0, 0, 1, 0]