%YAML:1.0
aruco_bc_nmarkers: 12
aruco_bc_mInfoType: 0
aruco_bc_markers:
   - { id:708, corners:[ [ -350., 250., 0. ], [ -250., 250., 0. ], [
       -250., 150., 0. ], [ 350., 150., 0. ] ] }
   - { id:386, corners:[ [ -150., 250., 0. ], [ -50., 250., 0. ], [ -50.,
       150., 0. ], [ -150., 150., 0. ] ] }
   - { id:839, corners:[ [ 50., 250., 0. ], [ 150., 250., 0. ], [ 150.,
       150., 0. ], [ 50., 150., 0. ] ] }
   - { id:674, corners:[ [ 250., 250., 0. ], [ 350., 250, 0. ], [
       350., 150., 0. ], [ 250., 150., 0. ] ] }


   - { id:479, corners:[ [ -350., 50., 0. ], [ -250., 50., 0. ], [
       -250., -50., 0. ], [ -350., -50., 0. ] ] }
   - { id:764, corners:[ [ -150., 50., 0. ], [ -50., 50., 0. ], [ -50.,
       -50., 0. ], [ -150., -50., 0. ] ] }
   - { id:126, corners:[ [ 50., 50., 0. ], [ 150., 50., 0. ], [ 150.,
       -50., 0. ], [ 50., -50., 0. ]  ] }
   - { id:903, corners:[ [ 250., 50., 0. ], [ 350., 50., 0. ], [
       350., -50., 0. ], [ 250., -50., 0. ] ] }

   - { id:378, corners:[ [ -350., -150., 0. ], [ -250., -150., 0. ], [
       -250., -250., 0. ], [ -350., -250., 0. ] ] }
   - { id:100, corners:[ [ -150., -150., 0. ], [ -50., -150., 0. ], [ -50.,
       -250., 0. ], [ -150., -250., 0. ] ] }
   - { id:622, corners:[ [ 50., -150., 0. ], [ 150., -150., 0. ], [ 150.,
       -250., 0. ], [ 50., -250., 0. ] ] }
   - { id:402, corners:[ [ 250., -150., 0. ], [ 350., -150., 0. ], [
       350., -250., 0. ], [ 250., -250., 0. ] ] }
