%YAML:1.0
aruco_bc_nmarkers: 24
aruco_bc_mInfoType: 0
aruco_bc_markers:
   - { id:532, corners:[ [ -215., -325., 0. ], [ -115., -325., 0. ], [
       -115., -225., 0. ], [ -215., -225., 0. ] ] }
   - { id:716, corners:[ [ -105., -325., 0. ], [ -5., -325., 0. ], [ -5.,
       -225., 0. ], [ -105., -225., 0. ] ] }
   - { id:442, corners:[ [ 5., -325., 0. ], [ 105., -325., 0. ], [ 105.,
       -225., 0. ], [ 5., -225., 0. ] ] }
   - { id:474, corners:[ [ 115., -325., 0. ], [ 215., -325., 0. ], [
       215., -225., 0. ], [ 115., -225., 0. ] ] }
   - { id:392, corners:[ [ -215., -215., 0. ], [ -115., -215., 0. ], [
       -115., -115., 0. ], [ -215., -115., 0. ] ] }
   - { id:277, corners:[ [ -105., -215., 0. ], [ -5., -215., 0. ], [ -5.,
       -115., 0. ], [ -105., -115., 0. ] ] }
   - { id:177, corners:[ [ 5., -215., 0. ], [ 105., -215., 0. ], [ 105.,
       -115., 0. ], [ 5., -115., 0. ] ] }
   - { id:529, corners:[ [ 115., -215., 0. ], [ 215., -215., 0. ], [
       215., -115., 0. ], [ 115., -115., 0. ] ] }
   - { id:226, corners:[ [ -215., -105., 0. ], [ -115., -105., 0. ], [
       -115., -5., 0. ], [ -215., -5., 0. ] ] }
   - { id:886, corners:[ [ -105., -105., 0. ], [ -5., -105., 0. ], [ -5.,
       -5., 0. ], [ -105., -5., 0. ] ] }
   - { id:401, corners:[ [ 5., -105., 0. ], [ 105., -105., 0. ], [ 105.,
       -5., 0. ], [ 5., -5., 0. ] ] }
   - { id:976, corners:[ [ 115., -105., 0. ], [ 215., -105., 0. ], [
       215., -5., 0. ], [ 115., -5., 0. ] ] }
   - { id:55, corners:[ [ -215., 5., 0. ], [ -115., 5., 0. ], [ -115.,
       105., 0. ], [ -215., 105., 0. ] ] }
   - { id:685, corners:[ [ -105., 5., 0. ], [ -5., 5., 0. ], [ -5., 105.,
       0. ], [ -105., 105., 0. ] ] }
   - { id:53, corners:[ [ 5., 5., 0. ], [ 105., 5., 0. ], [ 105., 105.,
       0. ], [ 5., 105., 0. ] ] }
   - { id:91, corners:[ [ 115., 5., 0. ], [ 215., 5., 0. ], [ 215., 105.,
       0. ], [ 115., 105., 0. ] ] }
   - { id:97, corners:[ [ -215., 115., 0. ], [ -115., 115., 0. ], [
       -115., 215., 0. ], [ -215., 215., 0. ] ] }
   - { id:773, corners:[ [ -105., 115., 0. ], [ -5., 115., 0. ], [ -5.,
       215., 0. ], [ -105., 215., 0. ] ] }
   - { id:453, corners:[ [ 5., 115., 0. ], [ 105., 115., 0. ], [ 105.,
       215., 0. ], [ 5., 215., 0. ] ] }
   - { id:471, corners:[ [ 115., 115., 0. ], [ 215., 115., 0. ], [ 215.,
       215., 0. ], [ 115., 215., 0. ] ] }
   - { id:752, corners:[ [ -215., 225., 0. ], [ -115., 225., 0. ], [
       -115., 325., 0. ], [ -215., 325., 0. ] ] }
   - { id:273, corners:[ [ -105., 225., 0. ], [ -5., 225., 0. ], [ -5.,
       325., 0. ], [ -105., 325., 0. ] ] }
   - { id:983, corners:[ [ 5., 225., 0. ], [ 105., 225., 0. ], [ 105.,
       325., 0. ], [ 5., 325., 0. ] ] }
   - { id:298, corners:[ [ 115., 225., 0. ], [ 215., 225., 0. ], [ 215.,
       325., 0. ], [ 115., 325., 0. ] ] }
